      0/99     3.24G   0.04348   0.01645   0.02629   0.08622         4       640    0.0348    0.2581   0.03267   0.00809    0.0412  0.009525   0.01878
      1/99     3.34G   0.03602   0.01244   0.02377   0.07223         1       640    0.1346    0.3748    0.1735   0.09434   0.03614  0.007167   0.01774
      2/99     3.34G   0.03618   0.01104   0.02213   0.06935         3       640    0.1439    0.3373      0.14   0.07454   0.03624  0.007817   0.01703
      3/99     3.34G   0.03364   0.01115   0.02167   0.06646         2       640   0.02836    0.1529   0.00798    0.0039   0.04649   0.01376   0.02114
      4/99     3.34G   0.03084   0.01222   0.02181   0.06487         2       640    0.2001    0.3454    0.2079    0.1642   0.03607  0.006845    0.0177
      5/99     3.34G   0.02862   0.01231   0.02106   0.06199         8       640    0.3753    0.2123    0.1931    0.1532   0.03474  0.009821   0.01716
      6/99     3.34G   0.02694   0.01193   0.01987   0.05874         8       640    0.2116    0.4478    0.2832    0.2263   0.03264  0.006725   0.01588
      7/99     3.34G   0.02688   0.01175    0.0192   0.05783         1       640    0.2545    0.4834     0.338    0.2745   0.03136  0.006694   0.01493
      8/99     3.34G   0.02494   0.01186   0.01799    0.0548         1       640    0.2595    0.4952    0.3904     0.316   0.03079  0.006403   0.01453
      9/99     3.34G   0.02399   0.01137   0.01739   0.05276         3       640    0.3034    0.4628    0.3911    0.3237   0.03266   0.00629   0.01365
     10/99     3.34G   0.02291   0.01108    0.0162   0.05019         2       640    0.3741    0.5093    0.4702     0.387   0.03059  0.005991   0.01372
     11/99     3.34G   0.02345   0.01113    0.0159   0.05049         3       640    0.6309    0.4864    0.5365     0.447   0.02937  0.005986   0.01266
     12/99     3.34G   0.02338   0.01107   0.01555      0.05         2       640    0.4763    0.5574    0.5456    0.4502   0.02776  0.006386   0.01245
     13/99     3.34G   0.02447    0.0113   0.01565   0.05143         2       640    0.5825      0.54    0.5807    0.4816   0.02703  0.006341   0.01203
     14/99     3.34G   0.02294   0.01089   0.01465   0.04849         2       640    0.6383    0.5511    0.5775    0.4585   0.02652  0.006193   0.01219
     15/99     3.34G   0.02318   0.01075   0.01445   0.04838         2       640    0.5918    0.5618    0.5937    0.4866   0.02476  0.006278   0.01154
     16/99     3.34G   0.02294   0.01093   0.01387   0.04774         3       640    0.6051    0.5849     0.633    0.5089   0.02501  0.006282   0.01115
     17/99     3.34G   0.02141   0.01061   0.01348    0.0455         1       640    0.5299    0.5571    0.5333    0.4046   0.02762  0.007456   0.01249
     18/99     3.34G   0.02279   0.01091   0.01321   0.04691         5       640    0.6389    0.5787    0.6146    0.4958    0.0269  0.006274   0.01108
     19/99     3.34G   0.02157   0.01038   0.01301   0.04497         3       640    0.6603    0.6125    0.6594    0.5394   0.02533  0.006425    0.0108
     20/99     3.34G   0.02158   0.01062   0.01257   0.04477         1       640     0.789    0.5724    0.6691    0.5542     0.025  0.006361   0.01031
     21/99     3.34G   0.02079   0.01036   0.01227   0.04342         5       640    0.7439    0.6021    0.6793    0.5554   0.02497  0.006057   0.01001
     22/99     3.34G   0.02062   0.01032   0.01172   0.04266         7       640    0.7208    0.6492    0.6962    0.5529   0.02458  0.006177   0.01013
     23/99     3.34G   0.01993   0.01005   0.01141   0.04139         6       640    0.8306    0.6002     0.723    0.5944   0.02528  0.005656   0.01015
     24/99     3.34G   0.02008   0.01048   0.01124    0.0418        15       640    0.8291     0.642    0.7413     0.619   0.02589  0.005768   0.00988
     25/99     3.34G    0.0198  0.009965   0.01075   0.04051         2       640    0.8153    0.6793    0.7574    0.6162   0.02458  0.005867  0.009228
     26/99     3.34G   0.02093   0.01054   0.01137   0.04284         2       640    0.8565    0.6754    0.7766    0.6374    0.0242  0.005954  0.009185
     27/99     3.34G   0.02088  0.009972   0.01087   0.04173         4       640    0.7654    0.7047    0.7712    0.6206   0.02413  0.005935  0.009014
     28/99     3.34G   0.02058  0.009963   0.01105    0.0416        16       640    0.8409    0.6661    0.7637    0.6068    0.0254  0.005895  0.008955
     29/99     3.34G   0.01958   0.01025   0.01029   0.04011         5       640    0.8131    0.7003    0.7785    0.6371    0.0258  0.005954  0.008263
     30/99     3.34G   0.01883  0.009833   0.01006   0.03872         4       640    0.8077    0.7254     0.792    0.6634   0.02562  0.005399  0.008217
     31/99     3.34G   0.01941  0.009633   0.01009   0.03913         2       640    0.8862    0.6943    0.7935     0.649   0.02331   0.00602   0.00854
     32/99     3.34G   0.01902      0.01  0.009629   0.03865        16       640    0.9273    0.7009    0.8168    0.6651   0.02294   0.00583  0.008405
     33/99     3.34G   0.02006  0.009801   0.01026   0.04011         5       640    0.8962    0.6631     0.784     0.627   0.02255  0.006395  0.008532
     34/99     3.34G   0.02049  0.009611   0.01014   0.04024         2       640     0.809    0.7425    0.8119    0.6686   0.02212  0.005924  0.008048
     35/99     3.34G   0.02004  0.009681   0.01029   0.04001         4       640    0.8383    0.7127    0.7761    0.6237   0.02269   0.00622  0.008532
     36/99     3.34G   0.01873  0.009135  0.009168   0.03703         1       640    0.8781    0.7175    0.8182    0.6815   0.02319  0.005775  0.008118
     37/99     3.34G   0.01976  0.009616  0.009473   0.03885        14       640      0.84     0.753    0.8211    0.6783   0.02264   0.00593  0.007595
     38/99     3.34G   0.01899  0.009546  0.009146   0.03768         3       640    0.8663    0.7168    0.8134    0.6669   0.02336  0.005641  0.007967
     39/99     3.34G   0.01879  0.009379  0.009159   0.03733         2       640    0.8456    0.7736    0.8467    0.6889   0.02302  0.005423  0.007673
     40/99     3.34G   0.01853  0.009239  0.008542   0.03631         2       640    0.8902    0.7402     0.854    0.7108   0.02295  0.005467   0.00779
     41/99     3.34G   0.01917  0.009141   0.00874   0.03705         8       640    0.9337    0.7456    0.8502    0.7036   0.02248  0.005571  0.007418
     42/99     3.34G   0.01871  0.009534  0.008583   0.03682         3       640    0.9277    0.7515    0.8555     0.709    0.0223  0.005635  0.007339
     43/99     3.34G   0.01815  0.009246  0.008555   0.03595         3       640    0.8574    0.7602    0.8423    0.6799   0.02236  0.006077  0.007768
     44/99     3.34G   0.01826  0.008985  0.008511   0.03576         5       640    0.9058    0.7766    0.8723    0.7139   0.02194  0.005657   0.00706
     45/99     3.34G   0.01834   0.00909  0.008144   0.03557         4       640    0.9118    0.7498    0.8559    0.6934   0.02176  0.005685  0.007702
     46/99     3.34G   0.01858  0.009063  0.008111   0.03575         1       640     0.899    0.7616    0.8431    0.6944   0.02174  0.005692  0.007453
     47/99     3.34G   0.01873  0.009435  0.008342   0.03651         2       640    0.9262    0.7297    0.8523    0.7071   0.02124  0.005954  0.007455
     48/99     3.34G    0.0192  0.009488  0.008591   0.03728        13       640    0.9084    0.7696    0.8701    0.7154   0.02094  0.005622  0.007095
     49/99     3.34G   0.01858  0.009009  0.008245   0.03583         4       640    0.8617    0.7941    0.8677    0.7188   0.02132  0.005607  0.007263
     50/99     3.34G   0.01927  0.009004  0.008554   0.03683         1       640    0.9343    0.8032    0.8762    0.7195    0.0212  0.005672   0.00686
     51/99     3.34G   0.01749  0.009338  0.008265    0.0351         4       640    0.9394    0.8072    0.8789      0.73   0.02108  0.005618  0.006788
     52/99     3.34G   0.01868  0.009137  0.008807   0.03662         2       640    0.9326    0.7806    0.8659    0.7079   0.02027   0.00607  0.007312
     53/99     3.34G   0.01801  0.008764  0.008021    0.0348         5       640    0.8924    0.8047    0.8795    0.7377   0.02045  0.005493  0.007088
     54/99     3.34G   0.01817   0.00906  0.007829   0.03506         2       640    0.8929    0.8248    0.8857     0.737    0.0208  0.005493  0.006578
     55/99     3.34G   0.01813  0.008758  0.007816    0.0347         5       640    0.9079    0.7843    0.8767    0.7237   0.02049  0.005591  0.006569
     56/99     3.34G   0.01757  0.008476  0.007457    0.0335        12       640    0.9319      0.81     0.892    0.7392   0.02025  0.005568  0.006454
     57/99     3.34G   0.01776  0.008847  0.007808   0.03442         2       640    0.9304    0.7963     0.885    0.7304   0.02046  0.005595  0.006673
     58/99     3.34G   0.01709  0.008854  0.007969   0.03392         1       640    0.9222    0.8057    0.8837    0.7271   0.02072   0.00557  0.006375
     59/99     3.34G   0.01728  0.009037  0.007701   0.03402         3       640    0.9364       0.8    0.8897    0.7427   0.02063  0.005464  0.006357
     60/99     3.34G   0.01766   0.00861  0.007706   0.03397         2       640    0.9396    0.8067    0.8984    0.7563   0.02014  0.005322  0.006176
     61/99     3.34G   0.01743  0.008715  0.007302   0.03344         1       640    0.9278    0.8034    0.8858    0.7261   0.02072  0.005697  0.006437
     62/99     3.34G   0.01753  0.008714  0.007383   0.03363         4       640    0.9565    0.8199    0.9032    0.7468   0.02057  0.005378  0.006387
     63/99     3.34G   0.01722  0.008588  0.007424   0.03323         9       640    0.9305    0.8095    0.8833    0.7409   0.02004  0.005511   0.00627
     64/99     3.34G   0.01696  0.008763  0.007021   0.03274         1       640    0.9835     0.795    0.9039    0.7429   0.01999  0.005328  0.005993
     65/99     3.34G   0.01736  0.008574  0.007073   0.03301         1       640    0.9617    0.8062    0.8953    0.7348   0.02023  0.005478  0.006485
     66/99     3.34G   0.01721  0.008268  0.007053   0.03253        11       640    0.9075    0.8384    0.8861    0.7448   0.02001  0.005457  0.005984
     67/99     3.34G   0.01614  0.008126  0.006718   0.03098         1       640    0.8948    0.8534    0.9028    0.7578   0.02005  0.005365  0.005987
     68/99     3.34G    0.0158   0.00849  0.006791   0.03108        11       640     0.901    0.8464    0.9055    0.7669   0.01998  0.005413  0.005955
     69/99     3.34G   0.01682  0.008389  0.006882   0.03209         4       640    0.9502    0.8371    0.9062    0.7659   0.01973  0.005547  0.005906
     70/99     3.34G   0.01634  0.008196  0.006818   0.03136         5       640    0.9464    0.8441     0.911    0.7678   0.01972  0.005344   0.00582
     71/99     3.34G   0.01606  0.008035   0.00643   0.03052         2       640    0.9617    0.8319    0.9096    0.7602   0.01987  0.005413   0.00574
     72/99     3.34G   0.01622  0.008213  0.006383   0.03081         3       640    0.9416     0.843    0.9118    0.7585   0.01953  0.005513  0.005733
     73/99     3.34G   0.01618  0.008166  0.006496   0.03084         1       640    0.9278    0.8521     0.913    0.7635   0.01925  0.005554  0.005924
     74/99     3.34G    0.0158  0.008171  0.006542   0.03052         2       640    0.9357    0.8437    0.9092    0.7661   0.01935  0.005607  0.005927
     75/99     3.34G   0.01527  0.007969  0.006398   0.02964         6       640    0.9154    0.8439    0.9052    0.7708   0.01904   0.00556  0.006122
     76/99     3.34G   0.01595  0.008122  0.006279   0.03036         5       640    0.9379    0.8148    0.9058    0.7748   0.01872  0.005504  0.006023
     77/99     3.34G   0.01561  0.008253  0.006592   0.03046         2       640    0.9359    0.8259    0.9079    0.7802   0.01898  0.005528    0.0059
     78/99     3.34G   0.01665  0.008106  0.006256   0.03101         3       640    0.9589    0.8337    0.9092    0.7712   0.01907  0.005417  0.006082
     79/99     3.34G    0.0146  0.008037  0.006013   0.02865         4       640     0.938    0.8361    0.9054    0.7755   0.01876  0.005309  0.006023
     80/99     3.34G    0.0161  0.007868    0.0061   0.03007         4       640    0.9395    0.8543    0.9147     0.779   0.01886  0.005384   0.00604
     81/99     3.34G   0.01597  0.007851  0.006249   0.03007         2       640    0.8751    0.8788    0.9152    0.7781   0.01881  0.005327  0.006049
     82/99     3.34G   0.01514  0.007915  0.006095   0.02914         4       640    0.9152    0.8649     0.914    0.7832   0.01858  0.005442  0.005957
     83/99     3.34G   0.01557  0.007896  0.005939    0.0294         2       640    0.9499    0.8646     0.921    0.7926   0.01843   0.00528   0.00578
     84/99     3.34G    0.0148  0.008023   0.00606   0.02889         1       640    0.9483     0.858    0.9125    0.7778   0.01856  0.005294    0.0056
     85/99     3.34G   0.01552  0.007914   0.00615   0.02958        10       640    0.9754    0.8437    0.9185    0.7805   0.01868  0.005437  0.005618
     86/99     3.34G   0.01515  0.008302  0.005783   0.02923         2       640    0.9336    0.8761    0.9223    0.7837    0.0187  0.005247  0.005679
     87/99     3.34G   0.01568  0.007772  0.005722   0.02918         1       640    0.9521    0.8691    0.9175    0.7875   0.01872  0.005303  0.005739
     88/99     3.34G   0.01623  0.008087  0.006277   0.03059         4       640    0.9444    0.8638    0.9217     0.789   0.01834  0.005341  0.005675
     89/99     3.34G   0.01648  0.008023   0.00616   0.03066         1       640    0.9591    0.8447    0.9194    0.7909   0.01845  0.005411  0.005948
     90/99     3.34G    0.0159  0.007874  0.006384   0.03016         5       640    0.9519    0.8637     0.921    0.7924   0.01831    0.0053  0.005578
     91/99     3.34G   0.01552  0.007976    0.0056   0.02909         5       640    0.9471    0.8572    0.9229    0.7923   0.01833  0.005334  0.005674
     92/99     3.34G   0.01443  0.007747  0.005502   0.02768         2       640    0.9361    0.8778    0.9239    0.7941   0.01803   0.00533  0.005524
     93/99     3.34G   0.01532  0.007823  0.005986   0.02913         4       640    0.9294     0.874    0.9232    0.7891   0.01812  0.005389  0.005653
     94/99     3.34G   0.01437  0.007552   0.00529   0.02721         3       640    0.9167    0.8737    0.9201    0.7897   0.01805  0.005457  0.005502
     95/99     3.34G   0.01592  0.007901  0.005991   0.02981         4       640    0.9089    0.8786     0.919     0.786   0.01791  0.005491  0.005521
     96/99     3.34G   0.01484  0.007932  0.005383   0.02816         8       640    0.9343    0.8664    0.9283    0.7897   0.01785   0.00551  0.005555
     97/99     3.34G   0.01474  0.007862  0.005839   0.02845         1       640    0.9409    0.8595    0.9232    0.7919    0.0178  0.005477   0.00561
     98/99     3.34G   0.01538   0.00785  0.005639   0.02887         6       640    0.9541    0.8708    0.9252    0.7929   0.01778  0.005389  0.005502
     99/99     3.34G   0.01509  0.007903  0.005952   0.02894         2       640    0.9502    0.8583    0.9246    0.7948   0.01788  0.005369  0.005546
