      0/99     3.33G   0.03744   0.01529   0.02488   0.07761         6       640    0.0896    0.3596    0.1517   0.07866   0.03479  0.008097   0.01842
      1/99     3.28G   0.02998   0.01191   0.02125   0.06314         2       640    0.1729    0.3613    0.2435    0.1056   0.04588  0.005605    0.0172
      2/99     3.28G   0.02869   0.01024   0.01978   0.05871         5       640    0.1557    0.4568    0.2849    0.1632   0.04132  0.007424   0.01642
      3/99     3.28G   0.02646   0.01177   0.01829   0.05652         6       640    0.3627    0.4897    0.3767     0.222   0.03305  0.007258   0.01477
      4/99     3.28G   0.02307    0.0111   0.01542   0.04958         7       640    0.5443    0.5347    0.5255    0.3104   0.03204  0.006611   0.01372
      5/99     3.28G   0.02261   0.01114   0.01415    0.0479         9       640    0.6718     0.569    0.6151    0.3619   0.03061  0.006825   0.01176
      6/99     3.28G    0.0214   0.01079   0.01255   0.04474         2       640    0.6534     0.663    0.6328     0.377   0.02973  0.006182   0.01164
      7/99     3.28G   0.02078   0.01031   0.01213   0.04323         7       640    0.6783    0.5981    0.6274    0.4056   0.02829  0.006758   0.01054
      8/99     3.28G   0.02001  0.009801   0.01056   0.04038        35       640    0.7512    0.6399    0.6928    0.4598    0.0276  0.006907      0.01
      9/99     3.28G   0.01988  0.009879   0.01048   0.04024         8       640    0.6591     0.616    0.6322    0.3883   0.02726  0.007089    0.0109
     10/99     3.28G   0.01973  0.009711  0.009933   0.03938         6       640    0.8051    0.6612    0.7267      0.46   0.02713  0.006949  0.009585
     11/99     3.28G   0.01947  0.009576  0.009271   0.03832        13       640    0.8225    0.7314    0.7936    0.5152   0.02518  0.006359  0.008432
     12/99     3.28G   0.01989  0.009848  0.009481   0.03922         6       640    0.7787    0.7261    0.7807     0.498   0.02525  0.006744  0.008524
     13/99     3.28G   0.01921  0.009427   0.00885   0.03749         5       640    0.8184     0.703    0.7853    0.5156   0.02433  0.006783  0.007885
     14/99     3.28G   0.01946   0.00944  0.009106   0.03801         7       640    0.8021     0.709    0.7589    0.5074   0.02433  0.007054  0.008309
     15/99     3.28G   0.01895  0.009119  0.008699   0.03677         2       640    0.8831      0.76     0.829    0.5285   0.02441  0.006647  0.006655
     16/99     3.28G   0.01851  0.009159  0.008752   0.03642        11       640    0.8243    0.7682    0.8097    0.5731    0.0234   0.00667  0.007378
     17/99     3.28G   0.01827  0.009163  0.008377   0.03581         6       640    0.8311    0.7355    0.8042    0.5005   0.02537  0.006683  0.008087
     18/99     3.28G   0.01883  0.009097  0.008252   0.03617         5       640    0.8317    0.7366    0.8133    0.5297   0.02411  0.006569  0.007743
     19/99     3.28G   0.01788  0.008812  0.007687   0.03438         9       640    0.7715    0.7873    0.8057    0.4881   0.02514  0.006595  0.007072
     20/99     3.28G   0.01835  0.008862  0.007483    0.0347         7       640     0.874    0.7831    0.8565    0.5826   0.02291  0.006342  0.006189
     21/99     3.28G   0.01767  0.008671  0.006988   0.03333         9       640    0.7757    0.7706    0.8073    0.5486   0.02231  0.006765  0.006187
     22/99     3.28G   0.01775  0.008466  0.007014   0.03323        11       640    0.8818    0.7966    0.8641    0.5673   0.02183  0.006507  0.005427
     23/99     3.28G    0.0173  0.008518   0.00685   0.03267         7       640    0.8767    0.7902     0.851    0.5932   0.02203  0.006198  0.005775
     24/99     3.28G   0.01737  0.008565  0.006916   0.03286         8       640    0.8531    0.7777    0.8293    0.5346   0.02327  0.006495  0.006563
     25/99     3.28G   0.01731  0.008606  0.006734   0.03265         5       640    0.9183    0.7624    0.8547    0.6344   0.02102  0.006196  0.005994
     26/99     3.28G   0.01723  0.008425  0.006933   0.03259        10       640    0.8741    0.8282    0.8878    0.6463   0.02029  0.006322  0.005168
     27/99     3.28G   0.01704  0.008518  0.006235   0.03179         5       640    0.8765    0.8213    0.8784    0.6096   0.02202  0.006434  0.005561
     28/99     3.28G   0.01638  0.008291  0.006616   0.03129         7       640    0.8611    0.8202    0.8771    0.6294     0.021  0.006082  0.005618
     29/99     3.28G   0.01667  0.008339  0.006406   0.03142        16       640    0.9018    0.8098    0.8806    0.6364   0.02105  0.006287  0.005615
     30/99     3.28G   0.01658  0.008144  0.006382   0.03111         6       640    0.9142    0.7635     0.875    0.6297   0.02113    0.0063  0.006021
     31/99     3.28G   0.01653  0.008121  0.006049    0.0307         9       640    0.8831    0.7685    0.8449     0.642   0.02109  0.006557   0.00584
     32/99     3.28G   0.01633  0.008008  0.005825   0.03016        13       640    0.9161    0.7887    0.8741    0.6137   0.02175  0.006314   0.00503
     33/99     3.28G   0.01608  0.007982  0.005925   0.02999         4       640    0.9094    0.8363    0.8971    0.6597   0.02069  0.005955  0.005544
     34/99     3.28G   0.01637  0.008117  0.005904   0.03039         8       640    0.9038    0.8282    0.8984    0.6529   0.02011  0.005922  0.004569
     35/99     3.28G   0.01623  0.007969  0.005881   0.03008        16       640    0.9339    0.7957    0.8967    0.6901   0.01938  0.006064  0.004811
     36/99     3.28G   0.01634  0.008247  0.005839   0.03043        16       640    0.8758    0.8142    0.8849    0.6654   0.01964   0.00627  0.005061
     37/99     3.28G   0.01603   0.00787  0.005547   0.02944         5       640    0.9045    0.8183    0.9048    0.6657   0.02001  0.006178  0.004842
     38/99     3.28G   0.01558  0.008076  0.005663   0.02932        17       640    0.8927    0.8279    0.9038    0.6767   0.01943  0.006108  0.004636
     39/99     3.28G   0.01578  0.007926  0.005182   0.02889        12       640    0.9087    0.8464    0.8972    0.6498   0.02001  0.006212  0.004336
     40/99     3.28G   0.01547  0.007934  0.005422   0.02883         9       640    0.9231    0.8208    0.9008     0.676   0.01894  0.006394  0.004381
     41/99     3.28G    0.0154  0.007819  0.005255   0.02847         4       640    0.9117    0.8164    0.8987    0.6844   0.01881  0.006125  0.005135
     42/99     3.28G   0.01525  0.007659  0.005206   0.02811        10       640    0.9448    0.8053    0.8945    0.7092   0.01876  0.006238  0.004642
     43/99     3.28G   0.01506  0.007869  0.005289   0.02822         7       640    0.9509    0.7981     0.894    0.6957   0.01823  0.006136  0.004961
     44/99     3.28G   0.01468  0.007633  0.004956   0.02727         4       640    0.9141    0.7805    0.8893    0.6971   0.01817  0.006345  0.004814
     45/99     3.28G   0.01469  0.007539    0.0052   0.02743         5       640    0.9453    0.7968     0.891    0.7045   0.01803  0.006128  0.004835
     46/99     3.28G   0.01496  0.007732  0.005029   0.02772        12       640     0.939     0.861    0.9274    0.7262   0.01748  0.005948  0.004027
     47/99     3.28G   0.01478  0.007521   0.00479   0.02709         5       640    0.9302    0.8103    0.9069    0.7132   0.01813   0.00607  0.004087
     48/99     3.28G   0.01453  0.007535   0.00455   0.02662         8       640    0.9413     0.824     0.908    0.7213   0.01773  0.005806  0.003921
     49/99     3.28G    0.0142  0.007292  0.004801   0.02629         9       640    0.9031    0.8226    0.8984    0.7063   0.01782  0.006303  0.003814
     50/99     3.28G   0.01429  0.007355  0.004572   0.02622         7       640    0.9219     0.841    0.9026    0.7201   0.01837  0.005973  0.004691
     51/99     3.28G   0.01392  0.007228  0.004467   0.02562        13       640    0.8863    0.8551    0.9004    0.7108   0.01766  0.006034   0.00389
     52/99     3.28G   0.01439  0.007287  0.004404   0.02608         8       640    0.9278    0.8009    0.8909    0.6922   0.01814  0.006299  0.004116
     53/99     3.28G   0.01421  0.007407  0.004502   0.02612         4       640    0.8992    0.8322    0.8988    0.7036   0.01683  0.006249  0.004716
     54/99     3.28G   0.01411  0.007242  0.004237   0.02559         6       640    0.9329    0.8137    0.8942    0.7063   0.01734  0.006307  0.004156
     55/99     3.28G   0.01387  0.007178  0.004494   0.02555         8       640    0.9558    0.8095    0.9079    0.7128   0.01676  0.006383  0.004233
     56/99     3.28G   0.01384   0.00721  0.004026   0.02508         9       640    0.9247    0.8161    0.8963      0.73   0.01642  0.006366   0.00442
     57/99     3.28G   0.01373  0.007062  0.004245   0.02504        11       640    0.9005    0.8477    0.9003    0.7299   0.01657  0.006036  0.003606
     58/99     3.28G   0.01362  0.006997  0.004303   0.02492         3       640    0.9565    0.8203    0.9131    0.7468   0.01674  0.005893  0.003617
     59/99     3.28G   0.01322  0.006954  0.004033   0.02421         6       640    0.9148    0.8128    0.8907    0.7257   0.01641  0.006497    0.0045
     60/99     3.28G   0.01379  0.007155  0.004192   0.02514         9       640    0.9249    0.8604    0.9225    0.7456   0.01609  0.006088  0.004253
     61/99     3.28G   0.01368  0.007007  0.003744   0.02443        12       640    0.9661    0.8195    0.9119    0.7498    0.0168  0.006066   0.00385
     62/99     3.28G   0.01307  0.006984  0.003966   0.02402        16       640    0.9656     0.818    0.9143    0.7528   0.01619  0.006097  0.003992
     63/99     3.28G   0.01297  0.006797  0.003768   0.02353         9       640    0.9175    0.8059    0.8816    0.7103    0.0171  0.006444  0.003841
     64/99     3.28G   0.01284  0.006804  0.003693   0.02333         4       640    0.9341    0.8556    0.9152    0.7389   0.01626   0.00602  0.003904
     65/99     3.28G   0.01297  0.006754  0.003685   0.02341         7       640    0.9669    0.8513    0.9304    0.7453   0.01622  0.005814  0.003363
     66/99     3.28G   0.01303  0.006774  0.003411   0.02322         4       640     0.953    0.8532    0.9261    0.7591     0.016  0.006012  0.003676
     67/99     3.28G   0.01277  0.006639  0.003552   0.02296         8       640    0.9441    0.8529    0.9207    0.7489   0.01568  0.006065  0.003544
     68/99     3.28G   0.01256  0.006611  0.003584   0.02275         4       640    0.9609    0.8305     0.912    0.7571   0.01558    0.0062  0.003817
     69/99     3.28G    0.0127  0.006596  0.003621   0.02291         7       640    0.9208    0.8477    0.9111    0.7347   0.01607  0.006045  0.004042
     70/99     3.28G   0.01232  0.006578  0.003433   0.02233        10       640    0.9628    0.8106     0.902    0.7303   0.01655    0.0063  0.003991
     71/99     3.28G   0.01244  0.006625  0.003439   0.02251         9       640    0.9305    0.8475     0.911    0.7476   0.01552  0.005992  0.003435
     72/99     3.28G   0.01218  0.006448  0.003371     0.022         9       640     0.974     0.836    0.9205    0.7526   0.01529  0.006254  0.003728
     73/99     3.28G   0.01232  0.006647  0.003317   0.02228        11       640    0.9422    0.8342    0.9111    0.7518   0.01528  0.006046  0.003616
     74/99     3.28G   0.01223  0.006373  0.003365   0.02197         5       640    0.9303     0.857    0.9116    0.7421   0.01501   0.00619  0.003477
     75/99     3.28G   0.01193  0.006403  0.003053   0.02139         6       640    0.9127    0.8378    0.9109     0.751   0.01521  0.006038  0.003366
     76/99     3.28G   0.01211  0.006462  0.003301   0.02187         8       640    0.9573    0.8177    0.9145    0.7658   0.01472  0.006043  0.003543
     77/99     3.28G   0.01196  0.006289  0.002977   0.02122        17       640    0.9282    0.8317    0.8993    0.7486   0.01498  0.006326  0.004441
     78/99     3.28G   0.01182  0.006408  0.003279   0.02151         8       640    0.9257    0.8426    0.8999    0.7427   0.01555  0.006216  0.003425
     79/99     3.28G   0.01162  0.006336     0.003   0.02095         4       640    0.9353    0.8267    0.9098    0.7558   0.01528  0.006279  0.003414
     80/99     3.28G   0.01159  0.006166  0.002921   0.02067         6       640    0.9451    0.8676    0.9238     0.771   0.01494  0.005999  0.003147
     81/99     3.28G   0.01131   0.00608  0.002793   0.02019         3       640    0.9566    0.8027    0.9037    0.7437   0.01532  0.006333  0.003451
     82/99     3.28G   0.01138  0.006193  0.003088   0.02066         8       640    0.9572    0.8127      0.91    0.7353   0.01526  0.006095  0.003066
     83/99     3.28G   0.01145  0.006207  0.002991   0.02065        12       640    0.9643    0.8104    0.9078    0.7527   0.01517  0.005991   0.00332
     84/99     3.28G   0.01154  0.006118  0.003056   0.02072         8       640    0.9462     0.844    0.9212    0.7528   0.01497  0.006017  0.003091
     85/99     3.28G   0.01114  0.005984  0.002938   0.02007         5       640    0.9803    0.8247    0.9133     0.767    0.0151  0.005985  0.003156
     86/99     3.28G   0.01123  0.006079  0.002916   0.02022         6       640    0.9328    0.8566    0.9064    0.7594    0.0152  0.005948  0.003232
     87/99     3.28G   0.01139   0.00626  0.003314   0.02096         5       640    0.9356    0.8262    0.8984    0.7298   0.01577  0.006415  0.003365
     88/99     3.28G   0.01138  0.006086  0.002914   0.02038         4       640    0.9604    0.8131    0.9111    0.7538   0.01487   0.00623   0.00328
     89/99     3.28G   0.01134  0.006105  0.002852    0.0203         7       640    0.9647    0.7934    0.8976     0.739   0.01518  0.006415   0.00336
     90/99     3.28G   0.01129  0.005942  0.002945   0.02017         5       640    0.9372    0.8324    0.9084    0.7457   0.01493   0.00633  0.003228
     91/99     3.28G    0.0111  0.006111   0.00268    0.0199         5       640    0.9056    0.8478    0.9017    0.7462   0.01505  0.006445  0.003229
     92/99     3.28G   0.01088  0.005993  0.002713   0.01959         7       640     0.931    0.8346    0.9078    0.7545   0.01501  0.006229  0.003343
     93/99     3.28G   0.01094  0.006138  0.002729    0.0198        13       640    0.9319     0.827     0.906    0.7524   0.01504  0.006204  0.003247
     94/99     3.28G   0.01089   0.00586  0.002714   0.01946        10       640    0.9433     0.828    0.9078    0.7508    0.0149   0.00621  0.003203
     95/99     3.28G   0.01102  0.006003  0.002766   0.01979        11       640    0.9362    0.8379    0.9048    0.7563   0.01474  0.006243  0.003265
     96/99     3.28G   0.01095  0.005925  0.002729   0.01961        11       640    0.9477    0.8221    0.9068    0.7565   0.01497  0.006381  0.003364
     97/99     3.28G   0.01087   0.00595  0.002735   0.01956         6       640    0.8969    0.8501    0.9022    0.7538   0.01499  0.006383  0.003341
     98/99     3.28G   0.01059  0.005855  0.002647   0.01909         2       640    0.9223    0.8289    0.9026    0.7488   0.01509  0.006449  0.003384
     99/99     3.28G   0.01074  0.005781   0.00263   0.01915         5       640    0.9401    0.8345    0.9073    0.7576   0.01491  0.006203  0.003526
