      0/99     2.49G   0.04456   0.01488   0.02563   0.08507         5       640     0.111    0.3225   0.09305   0.04888   0.04029  0.009247   0.01941
      1/99     2.51G   0.03934    0.0118   0.02431   0.07545         5       640     0.109    0.3016    0.1132   0.06476   0.04742  0.007335   0.01865
      2/99     2.51G   0.03616   0.01124   0.02306   0.07047         5       640    0.1199    0.2347   0.09328    0.0548   0.03906  0.008827   0.01837
      3/99     2.51G   0.03437   0.01098    0.0223   0.06766         2       640   0.08889    0.3512    0.1093   0.05403   0.03743   0.00823   0.01752
      4/99     2.51G   0.03391   0.01192   0.02228   0.06811         3       640     0.193    0.3397     0.147   0.09451   0.03517  0.008247   0.01728
      5/99     2.51G   0.03176   0.01232    0.0218   0.06588         4       640     0.264    0.2626    0.1886    0.1138   0.03439    0.0085   0.01702
      6/99     2.51G   0.03073    0.0125   0.02125   0.06449         1       640    0.2216    0.4153    0.2794    0.1642     0.035  0.007954   0.01655
      7/99     2.51G   0.03113   0.01246   0.02206   0.06565         1       640    0.2398     0.326    0.2071    0.1371   0.03376   0.01029   0.01957
      8/99     2.51G   0.02933   0.01233   0.02084   0.06251         1       640    0.1989    0.3861    0.1938    0.1186   0.03149  0.008944   0.01692
      9/99     2.51G   0.02979   0.01261   0.02108   0.06348         1       640    0.2264    0.4173    0.3142    0.2179   0.03051  0.007932   0.01564
     10/99     2.51G   0.02819   0.01214   0.02023   0.06056         3       640     0.293    0.4511    0.3498    0.2563   0.02857  0.007304   0.01526
     11/99     2.51G   0.02768    0.0121   0.01966   0.05944         5       640    0.2419    0.2946    0.2154    0.1276    0.0309  0.009269   0.01699
     12/99     2.51G   0.02788   0.01248   0.01982   0.06017         2       640    0.2187    0.4813    0.3294    0.2167   0.02989  0.008544    0.0167
     13/99     2.51G   0.02789   0.01232   0.01996   0.06017         2       640    0.3648    0.4088    0.3588    0.2502   0.02913  0.007838    0.0154
     14/99     2.51G    0.0268   0.01193    0.0194   0.05813        12       640     0.319    0.4599    0.3868    0.2892   0.02768  0.007635   0.01478
     15/99     2.51G   0.02614   0.01203   0.01858   0.05674         1       640    0.3083    0.5181    0.4379    0.3326    0.0278  0.007347   0.01445
     16/99     2.51G   0.02634    0.0121   0.01879   0.05722         6       640    0.4059    0.4985    0.4381    0.2895   0.02874  0.007315     0.014
     17/99     2.51G   0.02598   0.01199   0.01859   0.05656         6       640    0.5389    0.3851    0.4317    0.2791   0.02832  0.007816    0.0143
     18/99     2.51G   0.02503   0.01172   0.01789   0.05464         3       640    0.5832    0.3672    0.4105    0.2979   0.02806  0.008634   0.01409
     19/99     2.51G    0.0268   0.01178   0.01843   0.05701         1       640    0.4071     0.563    0.4988    0.3743   0.02832  0.007013   0.01324
     20/99     2.51G   0.02485   0.01155   0.01728   0.05369         2       640    0.8649     0.385     0.519    0.3994    0.0258  0.007322   0.01296
     21/99     2.51G   0.02401   0.01102   0.01661   0.05164         2       640    0.6171    0.4619    0.4957    0.3722   0.02542  0.007577   0.01305
     22/99     2.51G   0.02554   0.01165   0.01729   0.05448         4       640    0.5812    0.5266    0.5589    0.4236   0.02507  0.007261   0.01254
     23/99     2.51G   0.02483   0.01154   0.01665   0.05302         3       640      0.42    0.6458    0.5788      0.43   0.02599  0.007067   0.01222
     24/99     2.51G   0.02456    0.0114   0.01668   0.05264         0       640     0.487    0.5512    0.5462    0.4067   0.02633  0.007538    0.0125
     25/99     2.51G   0.02458   0.01114   0.01601   0.05173         4       640    0.6161    0.5644    0.5834    0.4344    0.0265  0.006988   0.01188
     26/99     2.51G   0.02438   0.01126    0.0161   0.05174         5       640    0.5726    0.6024    0.6114    0.4611   0.02497  0.006978   0.01168
     27/99     2.51G   0.02383   0.01131   0.01587     0.051         4       640    0.5146    0.5631    0.5727    0.4321   0.02385  0.007124    0.0118
     28/99     2.51G   0.02402   0.01125   0.01602    0.0513         4       640    0.4867    0.6124    0.6095    0.4475   0.02412  0.007509   0.01133
     29/99     2.51G   0.02323   0.01115    0.0143   0.04868        10       640    0.5757    0.6347    0.6449     0.483   0.02358  0.007055   0.01138
     30/99     2.51G   0.02419   0.01157   0.01531   0.05107         2       640    0.5666    0.6437    0.6624    0.5052   0.02334  0.007034   0.01086
     31/99     2.51G   0.02337   0.01101   0.01516   0.04954         1       640    0.5725    0.6252    0.6535    0.4847   0.02429   0.00692    0.0113
     32/99     2.51G   0.02344   0.01137    0.0149   0.04971         3       640    0.6641    0.5889    0.6371    0.4763   0.02412   0.00702   0.01087
     33/99     2.51G   0.02332   0.01081   0.01452   0.04865         2       640    0.5974    0.6724    0.6987     0.511   0.02438  0.006638   0.01036
     34/99     2.51G   0.02244   0.01131   0.01419   0.04794         6       640    0.6919    0.6382    0.6923    0.5184   0.02371   0.00669   0.01031
     35/99     2.51G    0.0222   0.01115     0.014   0.04735        10       640    0.7044     0.643    0.7061    0.5407   0.02321  0.006741   0.01005
     36/99     2.51G   0.02178   0.01077   0.01362   0.04617         2       640    0.7056    0.6556    0.7202    0.5507   0.02383  0.006455   0.01034
     37/99     2.51G   0.02167   0.01064   0.01293   0.04524         2       640    0.7087    0.6545    0.7072    0.5463   0.02476  0.006274   0.01007
     38/99     2.51G   0.02273   0.01051   0.01346    0.0467         2       640     0.685     0.697    0.7413    0.5617   0.02377  0.006512   0.01013
     39/99     2.51G   0.02149    0.0106   0.01364   0.04573         4       640    0.8073    0.6413    0.7433    0.5744    0.0229  0.006526   0.00954
     40/99     2.51G   0.02195   0.01058   0.01321   0.04573         1       640    0.7641    0.6481    0.7484    0.5454   0.02358  0.006707  0.009534
     41/99     2.51G   0.02187   0.01053   0.01261   0.04501         4       640    0.8394    0.6199    0.7233    0.5514   0.02376  0.006824  0.009986
     42/99     2.51G   0.02188   0.01041   0.01271     0.045         1       640    0.8258    0.6812    0.7714    0.5944     0.022  0.006538   0.00944
     43/99     2.51G   0.02126   0.01057   0.01272   0.04455         2       640    0.7606    0.7004    0.7672    0.6026   0.02209   0.00647  0.009259
     44/99     2.51G   0.02055   0.01023   0.01205   0.04283         4       640    0.8209    0.7248    0.8101    0.6279   0.02148  0.006328  0.008908
     45/99     2.51G   0.02195   0.01111   0.01299   0.04605         3       640    0.7617    0.7609    0.8071    0.6301   0.02075  0.006446  0.008792
     46/99     2.51G   0.02022   0.01051   0.01192   0.04266         3       640    0.7965    0.7228    0.8009    0.6311     0.021  0.006249  0.009307
     47/99     2.51G   0.02065   0.01023   0.01194   0.04282         1       640    0.7732    0.7481    0.8082    0.6288   0.02145  0.006368  0.009005
     48/99     2.51G   0.02057   0.01049   0.01203    0.0431         1       640    0.7218    0.7342    0.7742     0.575   0.02215  0.006895  0.008884
     49/99     2.51G   0.01994   0.01045   0.01189   0.04227         4       640    0.8536    0.7451    0.8334    0.6458   0.02094  0.006314  0.008349
     50/99     2.51G   0.01939   0.01017   0.01154   0.04109         2       640    0.8402    0.7476     0.837    0.6494    0.0222   0.00595  0.008215
     51/99     2.51G   0.02074  0.009952   0.01195   0.04263         2       640    0.8491    0.7601    0.8413    0.6387   0.02183  0.006004  0.008061
     52/99     2.51G   0.01998   0.01033   0.01085   0.04115         4       640    0.8369    0.7819    0.8386      0.66   0.02149   0.00615  0.007749
     53/99     2.51G   0.01924  0.009683   0.01039   0.03932         4       640     0.852    0.7716    0.8437    0.6555    0.0213  0.006193  0.007785
     54/99     2.51G   0.02025   0.01007    0.0109   0.04121         1       640    0.8599    0.7658    0.8429    0.6588   0.02118  0.006135  0.007868
     55/99     2.51G   0.01936   0.01007   0.01125   0.04068         3       640    0.8267    0.7876    0.8541    0.6776   0.02033  0.006224   0.00775
     56/99     2.51G   0.01899   0.01009   0.01035   0.03944         6       640    0.8952    0.7589    0.8607    0.6688   0.02052  0.006261   0.00775
     57/99     2.51G   0.01896  0.009765    0.0103   0.03903         5       640    0.8763    0.7777    0.8595    0.6804   0.02002  0.006313  0.007579
     58/99     2.51G   0.01902  0.009873   0.01015   0.03905         4       640    0.8709    0.7764    0.8683    0.6782   0.02085  0.006093  0.007702
     59/99     2.51G   0.01917  0.009686   0.01028   0.03914         1       640    0.9129    0.7233    0.8431    0.6647   0.02087  0.006107  0.007475
     60/99     2.51G    0.0205  0.009994   0.01089   0.04138         9       640    0.8918    0.7634    0.8613    0.6706   0.02072  0.006027  0.007376
     61/99     2.51G   0.01909  0.009487  0.009666   0.03824         2       640    0.8792    0.7861    0.8694    0.6768   0.02065  0.006069  0.007327
     62/99     2.51G   0.01859  0.009827  0.009982    0.0384         2       640     0.833    0.8139    0.8662    0.6919   0.02012  0.006096  0.007242
     63/99     2.51G    0.0193  0.009821    0.0103   0.03942         5       640    0.8729    0.8009    0.8702    0.7016    0.0199  0.005931  0.007251
     64/99     2.51G   0.01834  0.009714   0.01006   0.03811         2       640    0.9299    0.7874    0.8807    0.7038   0.01982  0.005935  0.007154
     65/99     2.51G   0.01805  0.009541  0.009504    0.0371         3       640    0.9084    0.7964    0.8755    0.6959   0.01911  0.006059  0.007089
     66/99     2.51G   0.01841  0.009349    0.0096   0.03736         1       640    0.9061    0.8045    0.8811    0.7011   0.01986  0.005882  0.007005
     67/99     2.51G   0.01872  0.009659  0.009287   0.03767         5       640    0.8918    0.8272    0.8864    0.7214   0.01935  0.005737   0.00685
     68/99     2.51G   0.01804   0.00949  0.009405   0.03693         9       640    0.9138    0.8078    0.8971    0.7092   0.01955  0.005836  0.006873
     69/99     2.51G   0.01925   0.01002    0.0097   0.03897         1       640    0.9244    0.8014    0.8972    0.7301   0.01945  0.005775  0.006652
     70/99     2.51G   0.01837   0.00957   0.00977   0.03771         2       640    0.8579     0.834    0.8952     0.719   0.01959  0.005933  0.006693
     71/99     2.51G   0.01709  0.009364  0.009063   0.03552         5       640    0.9073    0.8198    0.9056     0.736   0.01932  0.005706  0.006386
     72/99     2.51G   0.01751  0.009475  0.008884   0.03587         3       640    0.9031     0.819    0.9047    0.7367    0.0194  0.005827  0.006457
     73/99     2.51G   0.01729  0.009286  0.008969   0.03555         1       640    0.8661    0.8543     0.905    0.7407   0.01917  0.005723  0.006229
     74/99     2.51G   0.01706  0.009067  0.008267   0.03439         3       640     0.901    0.8178    0.8984    0.7387   0.01899   0.00571  0.006301
     75/99     2.51G   0.01685  0.009351  0.008882   0.03508         5       640    0.9453    0.7899    0.9029    0.7436   0.01899  0.005641  0.006085
     76/99     2.51G   0.01813   0.00956  0.009435   0.03713         2       640     0.915    0.8186    0.8959    0.7346   0.01858  0.005844  0.006177
     77/99     2.51G   0.01772  0.009145  0.009123   0.03599         3       640    0.9089    0.8476    0.9101    0.7354   0.01877  0.005867  0.005829
     78/99     2.51G    0.0169  0.009039  0.008763    0.0347         2       640    0.9231    0.8292    0.9063    0.7465    0.0185  0.005833  0.005894
     79/99     2.51G   0.01717  0.009629    0.0088    0.0356         2       640    0.9195    0.8386    0.9109    0.7512   0.01825  0.005763  0.005938
     80/99     2.51G   0.01766  0.009363  0.008949   0.03597        10       640    0.9389    0.8262      0.92    0.7516   0.01836  0.005583  0.005855
     81/99     2.51G   0.01726  0.009211  0.007867   0.03434         3       640    0.9266    0.8336    0.9102     0.751   0.01813  0.005625  0.005979
     82/99     2.51G   0.01708  0.009265  0.008381   0.03472         1       640    0.9123    0.8355    0.9074    0.7525   0.01801  0.005713  0.005991
     83/99     2.51G   0.01745  0.009286  0.008662    0.0354         4       640    0.9353    0.8478    0.9113    0.7579   0.01758  0.005655  0.005866
     84/99     2.51G   0.01633  0.009066  0.008329   0.03373         6       640    0.9207    0.8477    0.9101    0.7558   0.01801  0.005631  0.005849
     85/99     2.51G   0.01609  0.008631  0.007629   0.03235         5       640     0.947    0.8271    0.9124    0.7628   0.01778   0.00566  0.005739
     86/99     2.51G   0.01614  0.009044  0.008032   0.03322         2       640    0.9477    0.8276    0.9151    0.7639   0.01759  0.005663   0.00573
     87/99     2.51G   0.01596  0.008651  0.008016   0.03263         2       640    0.9197    0.8657      0.92    0.7641   0.01781  0.005647  0.005679
     88/99     2.51G   0.01635  0.008817   0.00814   0.03331         2       640    0.9404    0.8492    0.9192    0.7705   0.01773  0.005514  0.005618
     89/99     2.51G   0.01676  0.008758  0.007755   0.03327         9       640    0.9269    0.8506    0.9082    0.7541   0.01773  0.005638  0.005694
     90/99     2.51G   0.01644  0.009107  0.007984   0.03354         2       640    0.9618     0.826    0.9223     0.764   0.01769  0.005517  0.005643
     91/99     2.51G   0.01695  0.008903  0.008051    0.0339         2       640    0.9566    0.8343    0.9199    0.7649   0.01806   0.00549  0.005454
     92/99     2.51G   0.01608  0.008852  0.007738   0.03267         1       640    0.9439    0.8444    0.9178    0.7676   0.01793  0.005585  0.005615
     93/99     2.51G    0.0158  0.008914  0.008627   0.03334         4       640    0.9507    0.8519    0.9152    0.7696   0.01745  0.005617  0.005537
     94/99     2.51G   0.01517  0.008666  0.007571   0.03141         0       640    0.9452    0.8454    0.9191    0.7768   0.01747  0.005514  0.005506
     95/99     2.51G   0.01611  0.009001  0.007729   0.03284         1       640    0.9219    0.8629    0.9191    0.7712   0.01751  0.005545  0.005496
     96/99     2.51G   0.01632  0.008673  0.008166   0.03316         4       640    0.9162    0.8569    0.9207    0.7703   0.01746  0.005637  0.005427
     97/99     2.51G   0.01594  0.008976  0.007869   0.03278         1       640    0.9493    0.8436    0.9253    0.7778   0.01735  0.005563  0.005451
     98/99     2.51G   0.01641   0.00868  0.007181   0.03227         5       640    0.9406      0.85    0.9236    0.7705   0.01731  0.005635  0.005387
     99/99     2.51G   0.01635  0.008627  0.007541   0.03252         2       640    0.9371    0.8593    0.9277     0.776   0.01729  0.005635  0.005378
