      0/99     2.57G   0.03973   0.01441   0.02489   0.07903        16       640    0.1691    0.3101    0.1928    0.1017   0.03564   0.00768    0.0184
      1/99     2.49G   0.03076   0.01212   0.02121   0.06409         5       640   0.08898    0.4108    0.1557   0.06459   0.04067   0.00709   0.01766
      2/99     2.49G   0.03007   0.01166    0.0209   0.06263         9       640     0.204    0.3032     0.227   0.09422   0.03755  0.007813   0.01653
      3/99     2.49G    0.0271    0.0118   0.01921   0.05812         4       640    0.2125    0.3798     0.265    0.1423   0.03256  0.007358   0.01616
      4/99     2.49G   0.02593   0.01167   0.01859   0.05618         4       640    0.3735    0.3841    0.3318    0.1707   0.03691  0.007165   0.01516
      5/99     2.49G   0.02487   0.01149   0.01732   0.05368         6       640    0.4357    0.4405    0.4266    0.2328   0.03105  0.007299   0.01403
      6/99     2.49G   0.02408   0.01136   0.01619   0.05164         7       640      0.53     0.459    0.4144    0.2511    0.0302   0.00723   0.01417
      7/99     2.49G   0.02337   0.01129   0.01517   0.04983         8       640     0.502    0.6207    0.5423    0.2575   0.03135  0.007207   0.01214
      8/99     2.49G   0.02313   0.01121   0.01421   0.04855        16       640    0.5422    0.5848    0.5319    0.2877   0.02985  0.007493   0.01207
      9/99     2.49G   0.02266   0.01069   0.01325    0.0466         7       640    0.6727     0.652    0.6311    0.3778   0.02764  0.006513    0.0107
     10/99     2.49G   0.02256   0.01067   0.01245   0.04568         8       640    0.6833     0.624    0.6124    0.3793   0.02685   0.00663     0.011
     11/99     2.49G   0.02231    0.0104   0.01213   0.04484         7       640    0.7374    0.5934    0.6348    0.3752   0.02782  0.006784   0.01041
     12/99     2.49G   0.02159   0.01035   0.01149   0.04344         6       640     0.795     0.652    0.6905     0.407   0.02681  0.006993   0.01019
     13/99     2.49G   0.02216   0.01055   0.01148   0.04419         6       640    0.7078     0.655    0.6949    0.3758   0.02667  0.006837    0.0105
     14/99     2.49G   0.02164   0.01025   0.01136   0.04325         8       640    0.8318    0.7143     0.768    0.4675   0.02624  0.006597  0.008436
     15/99     2.49G    0.0211   0.01022   0.01087   0.04219        10       640    0.6873    0.4992    0.5426    0.2923   0.02957  0.007116   0.01143
     16/99     2.49G   0.02098  0.009861   0.01009   0.04093         4       640    0.8043    0.6677    0.7275    0.4297   0.02752  0.006931   0.00874
     17/99     2.49G   0.02014  0.009849  0.009779   0.03977         7       640    0.8737    0.6883    0.7884    0.4595   0.02689  0.006632  0.008562
     18/99     2.49G   0.02028   0.00981  0.009671   0.03976         3       640      0.76    0.6899    0.7233    0.3687   0.02686  0.006901  0.008694
     19/99     2.49G   0.02017  0.009714  0.009857   0.03974        11       640    0.8252    0.5338    0.6629    0.3802   0.02658  0.006927  0.009945
     20/99     2.49G   0.01944  0.009535  0.009164   0.03814        16       640      0.83    0.7449    0.8127     0.533   0.02517  0.006497  0.007189
     21/99     2.49G   0.02021  0.009632  0.009092   0.03894        11       640    0.8171    0.6977    0.7611    0.5328   0.02332  0.006598  0.008386
     22/99     2.49G   0.02024  0.009604  0.009347   0.03919        19       640    0.8341    0.7079    0.7581    0.4853   0.02496    0.0065  0.009127
     23/99     2.49G   0.02023  0.009544  0.008987   0.03876         9       640    0.8203    0.7121    0.7917    0.4776   0.02577  0.007016  0.008087
     24/99     2.49G   0.01947  0.009252    0.0087   0.03743        12       640    0.8063    0.7234    0.7975    0.5168   0.02372  0.006616  0.007524
     25/99     2.49G    0.0195  0.009185  0.008648   0.03734         3       640    0.7492    0.7264    0.7686    0.4789   0.02602  0.006393  0.007487
     26/99     2.49G   0.01936  0.009241  0.008639   0.03724        13       640    0.9287    0.7277    0.8454    0.5402   0.02419    0.0064  0.006879
     27/99     2.49G   0.01941  0.009289  0.008248   0.03695         4       640    0.8909    0.7191    0.7969    0.5016    0.0245  0.006822  0.006856
     28/99     2.49G   0.01922  0.009077  0.007894   0.03619         8       640    0.8815    0.7848    0.8595    0.5478   0.02376  0.006318  0.006341
     29/99     2.49G   0.01904  0.009062  0.007732   0.03584         7       640    0.8966    0.7597    0.8343    0.5677   0.02199  0.006707  0.006507
     30/99     2.49G   0.01863  0.008912   0.00736   0.03491         7       640    0.8125    0.7613    0.8241    0.5604   0.02338  0.006451  0.006822
     31/99     2.49G   0.01847  0.009076  0.007757    0.0353        12       640    0.8612    0.7465    0.8134    0.5369   0.02255  0.007054  0.006247
     32/99     2.49G   0.01817  0.009061  0.007742   0.03497        15       640    0.9117    0.7825    0.8624       0.6    0.0217  0.006687  0.005718
     33/99     2.49G   0.01774  0.008767  0.007291   0.03379         6       640    0.9169    0.7447    0.8405    0.5786   0.02244  0.006266   0.00675
     34/99     2.49G   0.01803  0.008758  0.007022   0.03381        11       640    0.8807    0.8124    0.8628    0.5798   0.02181  0.006747  0.005899
     35/99     2.49G   0.01842  0.008701  0.006949   0.03407         5       640    0.8576    0.7608    0.8409    0.5392   0.02297  0.006852  0.006408
     36/99     2.49G   0.01811  0.009139  0.007514   0.03476         5       640     0.846    0.7828    0.8397    0.5668   0.02232  0.006554  0.006331
     37/99     2.49G   0.01773  0.008815  0.007149    0.0337         6       640    0.9186    0.7779    0.8593    0.5946   0.02195  0.006346  0.005854
     38/99     2.49G   0.01745  0.008673   0.00683   0.03295         8       640    0.8496    0.7943    0.8545    0.5602   0.02233  0.006595  0.005585
     39/99     2.49G   0.01746  0.008566  0.006924   0.03295         6       640      0.85    0.8423    0.8805    0.5853   0.02176  0.006376  0.005761
     40/99     2.49G   0.01748  0.008643  0.006646   0.03277         8       640    0.9115    0.7741    0.8543    0.6213    0.0211  0.006425  0.006008
     41/99     2.49G   0.01698   0.00841  0.006332   0.03173         6       640    0.9001    0.7586     0.868     0.608   0.02108  0.006532  0.005386
     42/99     2.49G   0.01709  0.008538   0.00638   0.03201        21       640    0.8986    0.8273     0.893    0.6391   0.02074  0.006334  0.005179
     43/99     2.49G   0.01658  0.008533  0.006434   0.03155         9       640    0.8685    0.8324    0.8893    0.6335   0.02027  0.006343  0.005158
     44/99     2.49G   0.01652  0.008351  0.006195   0.03107         7       640    0.8951    0.7966    0.8688    0.6165   0.02138  0.006193  0.005436
     45/99     2.49G   0.01654  0.008237  0.006026    0.0308         8       640    0.8556    0.8189    0.8679    0.6002   0.02099  0.006413  0.005816
     46/99     2.49G    0.0166  0.008433  0.006106   0.03114         9       640    0.9032    0.8335    0.8964    0.6516   0.02004  0.006373  0.005305
     47/99     2.49G   0.01682  0.008341  0.005836   0.03099         6       640    0.8993    0.8093    0.8789    0.6527   0.01971  0.006141  0.005682
     48/99     2.49G   0.01627   0.00809  0.005806   0.03016         5       640    0.9559    0.7735    0.8839    0.6285   0.01962  0.006627  0.005135
     49/99     2.49G   0.01625  0.008189  0.005593   0.03003        17       640     0.901    0.8377    0.9038    0.6602   0.01861  0.006094  0.004921
     50/99     2.49G   0.01612  0.008082  0.005652   0.02986        10       640     0.865    0.8087    0.8737     0.645   0.01977  0.006465  0.005868
     51/99     2.49G   0.01582  0.007986  0.005467   0.02928         5       640    0.9169    0.8405    0.9036    0.6673   0.01923  0.006332  0.004845
     52/99     2.49G   0.01583  0.007915  0.005376   0.02912         4       640    0.9273    0.8354    0.9136    0.6651   0.01908  0.006242  0.004996
     53/99     2.49G   0.01576  0.007934  0.005355   0.02905         8       640    0.9382    0.8277     0.907    0.6784   0.01953  0.006105  0.004556
     54/99     2.49G   0.01513  0.007742  0.005183   0.02806         5       640    0.9338    0.8272    0.9104    0.6826   0.01853   0.00596  0.004563
     55/99     2.49G   0.01531  0.007952  0.005176   0.02844         5       640     0.947    0.8023     0.887    0.6743   0.01821  0.006399  0.004907
     56/99     2.49G   0.01533   0.00777  0.005089   0.02818         3       640    0.9574    0.7856    0.8993    0.6922   0.01766  0.006232  0.004523
     57/99     2.49G     0.015  0.007937  0.004965    0.0279         7       640    0.9394    0.8083    0.9056    0.6813   0.01792  0.006253  0.004376
     58/99     2.49G   0.01534  0.007953  0.004853   0.02814         6       640    0.8996    0.7966    0.8794    0.6587   0.01823  0.006171  0.005327
     59/99     2.49G   0.01492  0.007797  0.005086   0.02781         8       640    0.9229    0.8188    0.8938    0.6755   0.01827  0.006256  0.004957
     60/99     2.49G   0.01499  0.007784  0.004971   0.02775         4       640    0.8986    0.8423    0.8976    0.6968   0.01747  0.006221  0.004668
     61/99     2.49G   0.01471  0.007727  0.004629   0.02706         4       640    0.9084    0.8472    0.9004    0.6975   0.01807  0.006194  0.004761
     62/99     2.49G   0.01475  0.007745  0.004804    0.0273         8       640    0.9103    0.8691    0.9258     0.697   0.01749  0.005976  0.004452
     63/99     2.49G   0.01495   0.00759  0.004734   0.02728        13       640    0.8978     0.854    0.9056    0.7144   0.01701  0.006011  0.004612
     64/99     2.49G   0.01434  0.007515  0.004791   0.02665        10       640    0.8979    0.8554    0.9119    0.7069   0.01754   0.00595  0.004619
     65/99     2.49G   0.01454  0.007642  0.004637   0.02681         7       640    0.9219    0.8591    0.9275    0.7018    0.0176  0.006095  0.004204
     66/99     2.49G   0.01433  0.007475  0.004405   0.02621         8       640    0.9472    0.8396    0.9214    0.7204   0.01738  0.005849  0.003892
     67/99     2.49G   0.01384  0.007344  0.004509   0.02569         7       640    0.9606    0.8228    0.9232    0.7307   0.01656  0.005946  0.004154
     68/99     2.49G   0.01417  0.007507  0.004517   0.02619         8       640    0.8927    0.8663    0.9105     0.728   0.01645  0.006182  0.004293
     69/99     2.49G   0.01415  0.007255  0.004486   0.02589        11       640    0.9188    0.8652      0.91    0.7201   0.01655  0.006129  0.004183
     70/99     2.49G   0.01408  0.007229  0.004176   0.02549         6       640    0.9039    0.8458    0.8994    0.7142   0.01655  0.006167  0.004464
     71/99     2.49G   0.01371   0.00717   0.00415   0.02504         6       640    0.9341    0.8368    0.9085    0.7192   0.01678  0.006235  0.004416
     72/99     2.49G    0.0135  0.007269  0.004217   0.02499        15       640    0.9256    0.8404    0.9088    0.7139    0.0164  0.006356  0.004188
     73/99     2.49G   0.01341  0.007117  0.003932   0.02445         6       640    0.9303     0.863    0.9204    0.7237   0.01618  0.006135  0.004078
     74/99     2.49G   0.01333   0.00709  0.003962   0.02438         8       640    0.9456    0.8388    0.9091    0.7162   0.01705  0.006206  0.004594
     75/99     2.49G   0.01337  0.007234  0.004114   0.02471         7       640    0.9282    0.8601    0.9103    0.7237   0.01652  0.006145  0.004049
     76/99     2.49G   0.01275  0.006904  0.003784   0.02344         7       640    0.8826    0.8888     0.926    0.7428   0.01617  0.006111  0.004023
     77/99     2.49G   0.01327     0.007  0.003911   0.02418         2       640    0.9141    0.8559    0.9076    0.7308   0.01599  0.006263  0.003998
     78/99     2.49G   0.01334  0.006928  0.004003   0.02427         5       640    0.9463    0.8453    0.9136    0.7375   0.01607  0.006168   0.00399
     79/99     2.49G   0.01304   0.00697   0.00379    0.0238        10       640    0.9082     0.862    0.9063    0.7361   0.01639   0.00618  0.003882
     80/99     2.49G   0.01306  0.006922  0.003678   0.02366         7       640    0.9332    0.8528    0.9128    0.7468   0.01634  0.005907  0.004001
     81/99     2.49G     0.013  0.006966  0.003583   0.02355         6       640    0.9102    0.8616    0.9165    0.7502   0.01599  0.005981  0.004006
     82/99     2.49G   0.01277  0.006885  0.003635   0.02329        13       640    0.9053    0.8541    0.9041    0.7421   0.01601  0.006351  0.004124
     83/99     2.49G   0.01234  0.006694  0.003422   0.02246         6       640    0.9328    0.8602    0.9139    0.7461   0.01587  0.006309  0.003936
     84/99     2.49G    0.0121  0.006746   0.00358   0.02243        23       640    0.9388    0.8513    0.9107    0.7348   0.01651  0.006368  0.003919
     85/99     2.49G   0.01247  0.006644  0.003459   0.02257         6       640    0.9012    0.8668    0.9154    0.7407   0.01583  0.006326  0.003748
     86/99     2.49G   0.01256  0.006841  0.003576   0.02297         3       640    0.9184    0.8676    0.9173    0.7283   0.01591  0.006259  0.003836
     87/99     2.49G   0.01237  0.006789  0.003658   0.02281         5       640    0.9503    0.8393     0.914    0.7448   0.01549  0.006304  0.003866
     88/99     2.49G   0.01227  0.006617  0.003451   0.02234        10       640    0.9238    0.8759    0.9171    0.7542   0.01546  0.006264  0.003888
     89/99     2.49G   0.01228  0.006586  0.003408   0.02227        18       640    0.9359     0.849    0.9167    0.7554   0.01554  0.006217  0.003654
     90/99     2.49G   0.01207  0.006684  0.003333   0.02209         6       640    0.9287    0.8772    0.9249    0.7485   0.01533  0.006062  0.003837
     91/99     2.49G   0.01207  0.006625  0.003347   0.02204         6       640    0.9256    0.8724    0.9208    0.7568   0.01501  0.006117  0.003789
     92/99     2.49G   0.01235   0.00661  0.003368   0.02233         3       640    0.9403    0.8475    0.9143    0.7644   0.01493   0.00604  0.003814
     93/99     2.49G   0.01218  0.006548  0.003545   0.02227         5       640    0.9427     0.851    0.9048     0.752   0.01538  0.006484  0.004053
     94/99     2.49G   0.01204  0.006651  0.003382   0.02208         5       640    0.9502    0.8555    0.9145    0.7578     0.015   0.00618  0.003816
     95/99     2.49G   0.01192  0.006403  0.003106   0.02142         5       640    0.9451    0.8614    0.9135    0.7651   0.01497  0.006066  0.003651
     96/99     2.49G   0.01231  0.006644  0.003425   0.02237         5       640    0.9458    0.8544    0.9122    0.7611   0.01522  0.006195  0.003673
     97/99     2.49G   0.01172  0.006546  0.003186   0.02145         7       640    0.9389    0.8568     0.906    0.7516    0.0152  0.006255  0.003849
     98/99     2.49G   0.01191  0.006458  0.003256   0.02163         7       640    0.9485    0.8491    0.9092    0.7491   0.01527  0.006376  0.004082
     99/99     2.49G   0.01164  0.006467  0.003137   0.02124         9       640      0.93    0.8602    0.9097    0.7577    0.0152  0.006162  0.004026
